1010
2000
2020
7777
6666
0101
1111
1313
2222
3333
4444
5555
8888
9999
1212
2121
2323
3232
4545
5454
5656
6565
7878
2022
0000
0100
1011
1100
1101
1144
1177
2002
2200
2255
2288
3366
3399
4400
4411
4477
5500
5522
5588
6633
6699
7700
7711
7744
0202
0404
0505
0707
0808
1121
1122
1133
1211
1414
1717
1999
2122
2211
2212
2232
2233
2322
2525
2828
3233
3311
3322
3323
3636
3939
4040
4141
4454
4455
4466
4544
4747
5050
5252
5455
5544
5545
5565
5566
5655
5858
6363
6566
6644
6655
6656
6969
7070
7171
7474
7787
7788
7799
7877
8080
8787
8989
9898
0111
0200
0222
0400
0444
0500
0555
0700
0777
0800
0888
1000
1004
1110
1114
1117
1141
1171
1234
1411
1444
1711
1777
2005
2008
2202
2220
2225
2228
2252
2282
2522
2555
2822
2888
3131
3336
3339
3363
3393
3633
3666
3933
3999
4000
4044
4111
4144
4404
4414
4440
4441
4447
4474
4646
4744
4777
5000
5055
5222
5255
5505
5525
5550
5552
5558
5585
5855
5888
6333
6366
6464
6636
6663
6669
6696
6966
6999
7000
7077
7111
7177
7444
7477
7707
7717
7747
7770
7771
7774
7979
8000
8088
0010
0011
0022
0044
0055
0077
0088
1112
1113
1131
1222
1311
1333
2111
2221
2223
2333
3111
3133
3222
3313
3331
3332
3434
4343
4445
4446
4464
4555
4644
4666
5444
5554
5556
5666
6444
6466
6555
6646
6664
6665
6767
7676
7778
7779
7797
7888
7977
7999
8800
8822
8855
9933
9966
1232
1989
1991
2123
2321
3212
4565
5456
5654
6545
7898
8282
8585
8788
8877
8878
8898
8899
8988
9393
9696
9899
9977
9988
9989
0001
0002
0004
0005
0007
0008
0020
0040
0050
0070
0080
0104
0107
0110
0220
0440
0550
0770
0880
1001
1014
1017
1441
1771
2023
2024
2552
2882
3663
3993
4004
4010
4101
4114
4774
5005
5225
5885
6336
6996
7007
7010
7101
7117
7447
8008
8222
8288
8555
8588
8808
8828
8858
8880
8882
8885
9333
9399
9666
9699
9797
9939
9969
9993
9996
1123
1155
1166
1188
1199
1213
1221
1231
1233
1321
1323
1331
1981
1988
1990
1992
1993
1994
1995
1996
1997
1998
2010
2112
2244
2266
2277
2299
2332
2345
3113
3121
3123
3211
3213
3223
3231
3300
3321
3343
3344
3355
3377
3388
3433
3456
4321
4344
4422
4433
4434
4456
4488
4499
4546
4554
4564
4566
4567
4654
4656
4664
5432
5445
5511
5533
5577
5599
5665
5678
6446
6454
6456
6543
6544
6546
6556
6564
6600
6611
6622
6654
6676
6677
6688
6766
6789
7654
7677
7722
7733
7755
7766
7767
7789
7879
7887
7897
7899
7987
7989
7997
8777
8887
8889
8999
9777
9799
9888
9979
9997
9998
0114
0117
0140
0141
0144
0170
0171
0177
0205
0208
0225
0228
0250
0252
0255
0280
0282
0288
0303
0401
0407
0410
0411
0414
0441
0447
0470
0474
0477
0502
0508
0520
0522
0525
0552
0558
0580
0585
0588
0606
0701
0704
0710
0711
0717
0740
0744
0747
0771
0774
0802
0805
0820
0822
0828
0850
0855
0858
0882
0885
0909
1007
1040
1041
1044
1070
1071
1077
1104
1107
1140
1147
1170
1174
1400
1401
1404
1410
1417
1440
1447
1471
1474
1477
1515
1616
1700
1701
1707
1710
1714
1741
1744
1747
1770
1774
1818
1919
2025
2028
2050
2052
2055
2080
2082
2088
2205
2208
2250
2258
2280
2285
2424
2500
2502
2505
2520
2528
2550
2558
2582
2585
2588
2626
2727
2800
2802
2808
2820
2825
2852
2855
2858
2880
2885
2929
3030
3369
3396
3535
3639
3669
3693
3696
3699
3737
3838
3936
3963
3966
3969
3996
4001
4007
4011
4014
4041
4047
4070
4074
4077
4100
4104
4110
4117
4140
4147
4171
4174
4177
4242
4401
4407
4410
4417
4470
4471
4700
4704
4707
4711
4714
4717
4740
4741
4770
4771
4848
4949
5002
5008
5020
5022
5025
5052
5058
5080
5085
5088
5151
5200
5202
5205
5220
5228
5250
5258
5282
5285
5288
5353
5502
5508
5520
5528
5580
5582
5757
5800
5805
5808
5822
5825
5828
5850
5852
5880
5882
5959
6060
6161
6262
6339
6369
6393
6396
6399
6639
6693
6868
6933
6936
6939
6963
6993
7001
7004
7011
7017
7040
7044
7047
7071
7074
7100
7107
7110
7114
7141
7144
7147
7170
7174
7272
7373
7400
7404
7407
7411
7414
7417
7440
7441
7470
7471
7575
7701
7704
7710
7714
7740
7741
8002
8005
8020
8022
8028
8050
8055
8058
8082
8085
8181
8789
8987
9878
0300
0333
0600
0666
0900
0999
1115
1116
1118
1119
1132
1151
1161
1181
1191
1223
1312
1322
1332
1511
1555
1611
1666
1811
1888
1911
1987
2001
2003
2004
2006
2007
2009
2012
2113
2131
2132
2133
2213
2224
2226
2227
2229
2231
2242
2262
2272
2292
2311
2312
2313
2331
2422
2444
2622
2666
2722
2777
2922
2999
3000
3033
3112
3122
3132
3221
3303
3312
3330
3334
3335
3337
3338
3353
3373
3383
3444
3533
3555
3733
3777
3833
3888
4222
4244
4333
4424
4442
4443
4448
4449
4465
4484
4494
4556
4645
4655
4665
4844
4888
4944
4999
5111
5155
5333
5355
5446
5464
5465
5466
5515
5535
5546
5551
5553
5557
5559
5564
5575
5595
5644
5645
5646
5664
5755
5777
5955
5999
6000
6066
6111
6166
6222
6266
6445
6455
6465
6554
6606
6616
6626
6645
6660
6661
6662
6667
6668
6686
6777
6866
6888
7222
7277
7333
7377
7555
7577
7666
7727
7737
7757
7772
7773
7775
7776
7798
7889
7978
7988
7998
8111
8188
8228
8558
9339
9669
0033
0066
0099
0121
1012
1210
2101
2343
3234
3432
3454
4323
4345
4543
5434
5676
6567
6765
6787
7656
7678
7876
8765
8778
8811
8833
8844
8866
8998
9779
9787
9789
9876
9877
9879
9889
9897
9900
9911
9922
9944
9955
9987
0014
0017
0025
0028
0041
0047
0052
0058
0071
0074
0082
0085
0123
1980
1982
1983
1984
1985
1986
2011
2021
3210
8200
8202
8208
8220
8225
8252
8255
8258
8280
8285
8383
8484
8500
8505
8508
8522
8525
8528
8550
8552
8580
8582
8686
8802
8805
8820
8825
8850
8852
9090
9191
9292
9336
9363
9366
9369
9396
9494
9595
9633
9636
9639
9663
9693
9936
9963
0003
0006
0009
0030
0060
0090
0102
0103
0105
0106
0108
0109
0120
0122
0147
0174
0210
0212
0232
0258
0285
0323
0330
0343
0417
0434
0454
0471
0528
0545
0565
0582
0656
0660
0676
0714
0741
0767
0787
0825
0852
0878
0898
0987
0989
0990
1013
1015
1016
1018
1019
1047
1074
1214
1215
1216
1217
1218
1219
1343
1407
1434
1454
1470
1545
1551
1565
1656
1661
1676
1704
1740
1767
1787
1878
1881
1898
1951
1955
1959
1961
1966
1969
1971
1977
1979
2058
2085
2100
2102
2120
2124
2125
2126
2127
2128
2129
2210
2234
2320
2324
2325
2326
2327
2328
2329
2342
2344
2432
2434
2442
2454
2508
2545
2565
2580
2656
2662
2676
2767
2772
2787
2805
2850
2878
2898
2989
2992
3003
3010
3101
3230
3235
3236
3237
3238
3239
3345
3430
3431
3435
3436
3437
3438
3439
3443
3453
3455
3543
3545
3553
3565
3656
3676
3767
3773
3787
3878
3883
3898
3989
4017
4071
4107
4121
4170
4212
4224
4232
4234
4322
4324
4334
4340
4341
4342
4346
4347
4348
4349
4432
4540
4541
4542
4547
4548
4549
4676
4701
4710
4767
4787
4878
4884
4898
4989
4994
5010
5028
5082
5101
5115
5121
5208
5212
5232
5280
5323
5335
5343
5345
5433
5435
5450
5451
5452
5453
5457
5458
5459
5543
5567
5650
5651
5652
5653
5657
5658
5659
5675
5677
5765
5767
5775
5787
5802
5820
5878
5898
5989
5995
6006
6010
6101
6116
6121
6212
6226
6232
6323
6343
6434
6560
6561
6562
6563
6568
6569
6678
6760
6761
6762
6763
6764
6768
6769
6776
6786
6788
6876
6878
6886
6898
6989
7014
7041
7104
7121
7140
7212
7227
7232
7323
7337
7343
7401
7410
7434
7454
7545
7557
7565
7567
7655
7657
7667
7670
7671
7672
7673
7674
7675
7679
7765
7870
7871
7872
7873
7874
7875
7890
8010
8025
8052
8101
8118
8121
8333
8388
8444
8488
8666
8688
8779
8797
8798
8799
8818
8838
8848
8868
8879
8881
8883
8884
8886
8897
8977
8978
8979
8997
9000
9099
9111
9199
9222
9299
9444
9499
9555
9599
9778
9788
9798
9887
9909
9919
9929
9949
9959
9978
9990
9991
9992
9994
9995
8767
0112
0113
0115
0116
0118
0119
0130
0131
0133
0150
0151
0155
0160
0161
0166
0180
0181
0188
0190
0191
0199
0201
0203
0204
0206
0207
0209
0211
0221
0223
0224
0226
0227
0229
0230
0233
0240
0242
0244
0260
0262
0266
0270
0272
0277
0290
0292
0299
0301
0302
0304
0305
0306
0307
0308
0309
0310
0311
0313
0320
0322
0331
0332
0334
0335
0336
0337
0338
0339
0340
0344
0350
0353
0355
0360
0363
0366
0370
0373
0377
0380
0383
0388
0390
0393
0399
0402
0403
0405
0406
0408
0409
0420
0422
0424
0430
0433
0442
0443
0445
0446
0448
0449
0450
0455
0460
0464
0466
0480
0484
0488
0490
0494
0499
0501
0503
0504
0506
0507
0509
0510
0511
0515
0530
0533
0535
0540
0544
0551
0553
0554
0556
0557
0559
0560
0566
0570
0575
0577
0590
0595
0599
0601
0602
0603
0604
0605
0607
0608
0609
0610
0611
0616
0620
0622
0626
0630
0633
0636
0640
0644
0646
0650
0655
0661
0662
0663
0664
0665
0667
0668
0669
0670
0677
0680
0686
0688
0690
0696
0699
0702
0703
0705
0706
0708
0709
0720
0722
0727
0730
0733
0737
0750
0755
0757
0760
0766
0772
0773
0775
0776
0778
0779
0780
0788
0790
0797
0799
0801
0803
0804
0806
0807
0809
0810
0811
0818
0830
0833
0838
0840
0844
0848
0860
0866
0868
0870
0877
0881
0883
0884
0886
0887
0889
0890
0899
0901
0902
0903
0904
0905
0906
0907
0908
0910
0911
0919
0920
0922
0929
0930
0933
0939
0940
0944
0949
0950
0955
0959
0960
0966
0969
0970
0977
0979
0980
0988
0991
0992
0993
0994
0995
0996
0997
0998
1002
1003
1005
1006
1008
1009
1020
1021
1022
1030
1031
1033
1050
1051
1055
1060
1061
1066
1080
1081
1088
1090
1091
1099
1102
1103
1105
1106
1108
1109
1120
1124
1125
1126
1127
1128
1129
1130
1134
1135
1136
1137
1138
1139
1142
1143
1145
1146
1148
1149
1150
1152
1153
1154
1156
1157
1158
1159
1160
1162
1163
1164
1165
1167
1168
1169
1172
1173
1175
1176
1178
1179
1180
1182
1183
1184
1185
1186
1187
1189
1190
1192
1193
1194
1195
1196
1197
1198
1200
1201
1202
1220
1224
1225
1226
1227
1228
1229
1241
1242
1244
1251
1252
1255
1261
1262
1266
1271
1272
1277
1281
1282
1288
1291
1292
1299
1300
1301
1303
1310
1314
1315
1316
1317
1318
1319
1330
1334
1335
1336
1337
1338
1339
1341
1344
1351
1353
1355
1361
1363
1366
1371
1373
1377
1381
1383
1388
1391
1393
1399
1412
1413
1415
1416
1418
1419
1421
1422
1424
1431
1433
1442
1443
1445
1446
1448
1449
1451
1455
1461
1464
1466
1481
1484
1488
1491
1494
1499
1500
1501
1505
1510
1512
1513
1514
1516
1517
1518
1519
1521
1522
1525
1531
1533
1535
1541
1544
1550
1552
1553
1554
1556
1557
1558
1559
1561
1566
1571
1575
1577
1581
1585
1588
1591
1595
1599
1600
1601
1606
1610
1612
1613
1614
1615
1617
1618
1619
1621
1622
1626
1631
1633
1636
1641
1644
1646
1651
1655
1660
1662
1663
1664
1665
1667
1668
1669
1671
1677
1681
1686
1688
1691
1696
1699
1712
1713
1715
1716
1718
1719
1721
1722
1727
1731
1733
1737
1751
1755
1757
1761
1766
1772
1773
1775
1776
1778
1779
1781
1788
1791
1797
1799
1800
1801
1808
1810
1812
1813
1814
1815
1816
1817
1819
1821
1822
1828
1831
1833
1838
1841
1844
1848
1851
1855
1858
1861
1866
1868
1871
1877
1880
1882
1883
1884
1885
1886
1887
1889
1891
1899
1900
1901
1909
1910
1912
1913
1914
1915
1916
1917
1918
1921
1922
1929
1931
1933
1939
1941
1944
1949
2026
2027
2029
2030
2032
2033
2040
2042
2044
2060
2062
2066
2070
2072
2077
2090
2092
2099
2110
2114
2115
2116
2117
2118
2119
2141
2142
2144
2151
2152
2155
2161
2162
2166
2171
2172
2177
2181
2182
2188
2191
2192
2199
2201
2203
2204
2206
2207
2209
2214
2215
2216
2217
2218
2219
2230
2235
2236
2237
2238
2239
2240
2241
2243
2245
2246
2247
2248
2249
2251
2253
2254
2256
2257
2259
2260
2261
2263
2264
2265
2267
2268
2269
2270
2271
2273
2274
2275
2276
2278
2279
2281
2283
2284
2286
2287
2289
2290
2291
2293
2294
2295
2296
2297
2298
2300
2302
2303
2330
2334
2335
2336
2337
2338
2339
2352
2353
2355
2362
2363
2366
2372
2373
2377
2382
2383
2388
2392
2393
2399
2400
2402
2404
2411
2412
2414
2420
2421
2423
2425
2426
2427
2428
2429
2433
2440
2441
2443
2445
2446
2447
2448
2449
2452
2455
2462
2464
2466
2472
2474
2477
2482
2484
2488
2492
2494
2499
2511
2512
2515
2521
2523
2524
2526
2527
2529
2532
2533
2535
2542
2544
2551
2553
2554
2556
2557
2559
2562
2566
2572
2575
2577
2592
2595
2599
2600
2602
2606
2611
2612
2616
2620
2621
2623
2624
2625
2627
2628
2629
2632
2633
2636
2642
2644
2646
2652
2655
2660
2661
2663
2664
2665
2667
2668
2669
2672
2677
2682
2686
2688
2692
2696
2699
2700
2702
2707
2711
2712
2717
2720
2721
2723
2724
2725
2726
2728
2729
2732
2733
2737
2742
2744
2747
2752
2755
2757
2762
2766
2770
2771
2773
2774
2775
2776
2778
2779
2782
2788
2792
2797
2799
2811
2812
2818
2821
2823
2824
2826
2827
2829
2832
2833
2838
2842
2844
2848
2862
2866
2868
2872
2877
2881
2883
2884
2886
2887
2889
2892
2899
2900
2902
2909
2911
2912
2919
2920
2921
2923
2924
2925
2926
2927
2928
2932
2933
2939
2942
2944
2949
2952
2955
2959
2962
2966
2969
2972
2977
2979
2982
2988
2990
2991
2993
2994
2995
2996
2997
2998
3001
3002
3004
3005
3006
3007
3008
3009
3011
3013
3020
3022
3023
3031
3032
3034
3035
3036
3037
3038
3039
3040
3043
3044
3050
3053
3055
3060
3063
3066
3070
3073
3077
3080
3083
3088
3090
3093
3099
3100
3103
3110
3114
3115
3116
3117
3118
3119
3130
3134
3135
3136
3137
3138
3139
3141
3143
3144
3151
3153
3155
3161
3163
3166
3171
3173
3177
3181
3183
3188
3191
3193
3199
3200
3202
3203
3220
3224
3225
3226
3227
3228
3229
3242
3243
3244
3252
3253
3255
3262
3263
3266
3272
3273
3277
3282
3283
3288
3292
3293
3299
3301
3302
3304
3305
3306
3307
3308
3309
3310
3314
3315
3316
3317
3318
3319
3320
3324
3325
3326
3327
3328
3329
3340
3341
3342
3346
3347
3348
3349
3350
3351
3352
3354
3356
3357
3358
3359
3360
3361
3362
3364
3365
3367
3368
3370
3371
3372
3374
3375
3376
3378
3379
3380
3381
3382
3384
3385
3386
3387
3389
3390
3391
3392
3394
3395
3397
3398
3400
3403
3404
3411
3413
3414
3422
3423
3424
3440
3441
3442
3445
3446
3447
3448
3449
3463
3464
3466
3473
3474
3477
3483
3484
3488
3493
3494
3499
3500
3503
3505
3511
3513
3515
3522
3523
3525
3530
3531
3532
3534
3536
3537
3538
3539
3544
3550
3551
3552
3554
3556
3557
3558
3559
3563
3566
3573
3575
3577
3583
3585
3588
3593
3595
3599
3600
3603
3606
3611
3613
3616
3622
3623
3626
3630
3631
3632
3634
3635
3637
3638
3643
3644
3646
3653
3655
3660
3661
3662
3664
3665
3667
3668
3673
3677
3683
3686
3688
3700
3703
3707
3711
3713
3717
3722
3723
3727
3730
3731
3732
3734
3735
3736
3738
3739
3743
3744
3747
3753
3755
3757
3763
3766
3770
3771
3772
3774
3775
3776
3778
3779
3783
3788
3793
3797
3799
3800
3803
3808
3811
3813
3818
3822
3823
3828
3830
3831
3832
3834
3835
3836
3837
3839
3843
3844
3848
3853
3855
3858
3863
3866
3868
3873
3877
3880
3881
3882
3884
3885
3886
3887
3889
3893
3899
3900
3903
3909
3911
3913
3919
3922
3923
3929
3930
3931
3932
3934
3935
3937
3938
3943
3944
3949
3953
3955
3959
3973
3977
3979
3983
3988
3990
3991
3992
3994
3995
3997
3998
4002
4003
4005
4006
4008
4009
4020
4022
4024
4030
4033
4034
4042
4043
4045
4046
4048
4049
4050
4054
4055
4060
4064
4066
4080
4084
4088
4090
4094
4099
4112
4113
4115
4116
4118
4119
4122
4124
4131
4133
4134
4142
4143
4145
4146
4148
4149
4151
4154
4155
4161
4164
4166
4181
4184
4188
4191
4194
4199
4200
4202
4204
4211
4214
4220
4221
4223
4225
4226
4227
4228
4229
4233
4240
4241
4243
4245
4246
4247
4248
4249
4252
4254
4255
4262
4264
4266
4272
4274
4277
4282
4284
4288
4292
4294
4299
4300
4303
4304
4311
4313
4314
4330
4331
4332
4335
4336
4337
4338
4339
4353
4354
4355
4363
4364
4366
4373
4374
4377
4383
4384
4388
4393
4394
4399
4402
4403
4405
4406
4408
4409
4412
4413
4415
4416
4418
4419
4420
4421
4423
4425
4426
4427
4428
4429
4430
4431
4435
4436
4437
4438
4439
4450
4451
4452
4453
4457
4458
4459
4460
4461
4462
4463
4467
4468
4469
4472
4473
4475
4476
4478
4479
4480
4481
4482
4483
4485
4486
4487
4489
4490
4491
4492
4493
4495
4496
4497
4498
4500
4504
4505
4511
4514
4515
4522
4524
4525
4533
4534
4535
4550
4551
4552
4553
4557
4558
4559
4574
4575
4577
4584
4585
4588
4594
4595
4599
4600
4604
4606
4611
4614
4616
4622
4624
4626
4633
4634
4636
4640
4641
4642
4643
4647
4648
4649
4660
4661
4662
4663
4667
4668
4669
4674
4677
4684
4686
4688
4694
4696
4699
4722
4724
4727
4733
4734
4737
4742
4743
4745
4746
4748
4749
4754
4755
4757
4764
4766
4772
4773
4775
4776
4778
4779
4784
4788
4794
4797
4799
4800
4804
4808
4811
4814
4818
4822
4824
4828
4833
4834
4838
4840
4841
4842
4843
4845
4846
4847
4849
4854
4855
4858
4864
4866
4868
4874
4877
4880
4881
4882
4883
4885
4886
4887
4889
4894
4899
4900
4904
4909
4911
4914
4919
4922
4924
4929
4933
4934
4939
4940
4941
4942
4943
4945
4946
4947
4948
4954
4955
4959
4964
4966
4969
4974
4977
4979
4984
4988
4990
4991
4992
4993
4995
4996
4997
4998
5001
5003
5004
5006
5007
5009
5011
5015
5030
5033
5035
5040
5044
5045
5051
5053
5054
5056
5057
5059
5060
5065
5066
5070
5075
5077
5090
5095
5099
5100
5105
5110
5112
5113
5114
5116
5117
5118
5119
5122
5125
5131
5133
5135
5141
5144
5145
5150
5152
5153
5154
5156
5157
5158
5159
5161
5165
5166
5171
5175
5177
5181
5185
5188
5191
5195
5199
5211
5215
5221
5223
5224
5226
5227
5229
5233
5235
5242
5244
5245
5251
5253
5254
5256
5257
5259
5262
5265
5266
5272
5275
5277
5292
5295
5299
5300
5303
5305
5311
5313
5315
5322
5325
5330
5331
5332
5334
5336
5337
5338
5339
5344
5350
5351
5352
5354
5356
5357
5358
5359
5363
5365
5366
5373
5375
5377
5383
5385
5388
5393
5395
5399
5400
5404
5405
5411
5414
5415
5422
5424
5425
5440
5441
5442
5443
5447
5448
5449
5474
5475
5477
5484
5485
5488
5494
5495
5499
5501
5503
5504
5506
5507
5509
5510
5512
5513
5514
5516
5517
5518
5519
5521
5523
5524
5526
5527
5529
5530
5531
5532
5534
5536
5537
5538
5539
5540
5541
5542
5547
5548
5549
5560
5561
5562
5563
5568
5569
5570
5571
5572
5573
5574
5576
5578
5579
5581
5583
5584
5586
5587
5589
5590
5591
5592
5593
5594
5596
5597
5598
5600
5605
5606
5611
5615
5616
5622
5625
5626
5633
5635
5636
5660
5661
5662
5663
5667
5668
5669
5685
5686
5688
5695
5696
5699
5700
5705
5707
5711
5715
5717
5722
5725
5727
5733
5735
5737
5744
5745
5747
5750
5751
5752
5753
5754
5756
5758
5759
5766
5770
5771
5772
5773
5774
5776
5778
5779
5785
5788
5795
5797
5799
5811
5815
5818
5833
5835
5838
5844
5845
5848
5851
5853
5854
5856
5857
5859
5865
5866
5868
5875
5877
5881
5883
5884
5886
5887
5889
5895
5899
5900
5905
5909
5911
5915
5919
5922
5925
5929
5933
5935
5939
5944
5945
5949
5950
5951
5952
5953
5954
5956
5957
5958
5965
5966
5969
5975
5977
5979
5985
5988
5990
5991
5992
5993
5994
5996
5997
5998
6001
6002
6003
6004
6005
6007
6008
6009
6011
6016
6020
6022
6026
6030
6033
6036
6040
6044
6046
6050
6055
6056
6061
6062
6063
6064
6065
6067
6068
6069
6070
6076
6077
6080
6086
6088
6090
6096
6099
6100
6106
6110
6112
6113
6114
6115
6117
6118
6119
6122
6126
6131
6133
6136
6141
6144
6146
6151
6155
6156
6160
6162
6163
6164
6165
6167
6168
6169
6171
6176
6177
6181
6186
6188
6191
6196
6199
6200
6202
6206
6211
6216
6220
6221
6223
6224
6225
6227
6228
6229
6233
6236
6242
6244
6246
6252
6255
6256
6260
6261
6263
6264
6265
6267
6268
6269
6272
6276
6277
6282
6286
6288
6292
6296
6299
6300
6303
6306
6311
6313
6316
6322
6326
6330
6331
6332
6334
6335
6337
6338
6344
6346
6353
6355
6356
6360
6361
6362
6364
6365
6367
6368
6373
6376
6377
6383
6386
6388
6400
6404
6406
6411
6414
6416
6422
6424
6426
6433
6436
6440
6441
6442
6443
6447
6448
6449
6460
6461
6462
6463
6467
6468
6469
6474
6476
6477
6484
6486
6488
6494
6496
6499
6500
6505
6506
6511
6515
6516
6522
6525
6526
6533
6535
6536
6550
6551
6552
6553
6557
6558
6559
6575
6576
6577
6585
6586
6588
6595
6596
6599
6601
6602
6603
6604
6605
6607
6608
6609
6610
6612
6613
6614
6615
6617
6618
6619
6620
6621
6623
6624
6625
6627
6628
6629
6630
6631
6632
6634
6635
6637
6638
6640
6641
6642
6643
6647
6648
6649
6650
6651
6652
6653
6657
6658
6659
6670
6671
6672
6673
6674
6675
6679
6680
6681
6682
6683
6684
6685
6687
6689
6690
6691
6692
6694
6695
6697
6698
6700
6706
6707
6711
6716
6717
6722
6726
6727
6733
6736
6737
6744
6746
6747
6755
6756
6757
6770
6771
6772
6773
6774
6775
6778
6779
6796
6797
6799
6800
6806
6808
6811
6816
6818
6822
6826
6828
6833
6836
6838
6844
6846
6848
6855
6856
6858
6860
6861
6862
6863
6864
6865
6867
6869
6877
6880
6881
6882
6883
6884
6885
6887
6889
6896
6899
6900
6906
6909
6911
6916
6919
6922
6926
6929
6944
6946
6949
6955
6956
6959
6960
6961
6962
6964
6965
6967
6968
6976
6977
6979
6986
6988
6990
6991
6992
6994
6995
6997
6998
7002
7003
7005
7006
7008
7009
7020
7022
7027
7030
7033
7037
7050
7055
7057
7060
7066
7067
7072
7073
7075
7076
7078
7079
7080
7087
7088
7090
7097
7099
7112
7113
7115
7116
7118
7119
7122
7127
7131
7133
7137
7151
7155
7157
7161
7166
7167
7172
7173
7175
7176
7178
7179
7181
7187
7188
7191
7197
7199
7200
7202
7207
7211
7217
7220
7221
7223
7224
7225
7226
7228
7229
7233
7237
7242
7244
7247
7252
7255
7257
7262
7266
7267
7270
7271
7273
7274
7275
7276
7278
7279
7282
7287
7288
7292
7297
7299
7300
7303
7307
7311
7313
7317
7322
7327
7330
7331
7332
7334
7335
7336
7338
7339
7344
7347
7353
7355
7357
7363
7366
7367
7370
7371
7372
7374
7375
7376
7378
7379
7383
7387
7388
7393
7397
7399
7422
7424
7427
7433
7437
7442
7443
7445
7446
7448
7449
7455
7457
7464
7466
7467
7472
7473
7475
7476
7478
7479
7484
7487
7488
7494
7497
7499
7500
7505
7507
7511
7515
7517
7522
7525
7527
7533
7535
7537
7544
7547
7550
7551
7552
7553
7554
7556
7558
7559
7566
7570
7571
7572
7573
7574
7576
7578
7579
7585
7587
7588
7595
7597
7599
7600
7606
7607
7611
7616
7617
7622
7626
7627
7633
7636
7637
7644
7646
7647
7660
7661
7662
7663
7664
7665
7668
7669
7686
7687
7688
7696
7697
7699
7702
7703
7705
7706
7708
7709
7712
7713
7715
7716
7718
7719
7720
7721
7723
7724
7725
7726
7728
7729
7730
7731
7732
7734
7735
7736
7738
7739
7742
7743
7745
7746
7748
7749
7750
7751
7752
7753
7754
7756
7758
7759
7760
7761
7762
7763
7764
7768
7769
7780
7781
7782
7783
7784
7785
7786
7790
7791
7792
7793
7794
7795
7796
7800
7807
7808
7811
7817
7818
7822
7827
7828
7833
7837
7838
7844
7847
7848
7855
7857
7858
7866
7867
7868
7880
7881
7882
7883
7884
7885
7886
7900
7907
7909
7911
7917
7919
7922
7927
7929
7933
7937
7939
7944
7947
7949
7955
7957
7959
7966
7967
7969
7970
7971
7972
7973
7974
7975
7976
7990
7991
7992
7993
7994
7995
7996
8001
8003
8004
8006
8007
8009
8011
8018
8030
8033
8038
8040
8044
8048
8060
8066
8068
8070
8077
8078
8081
8083
8084
8086
8087
8089
8090
8098
8099
8100
8108
8110
8112
8113
8114
8115
8116
8117
8119
8122
8128
8131
8133
8138
8141
8144
8148
8151
8155
8158
8161
8166
8168
8171
8177
8178
8180
8182
8183
8184
8185
8186
8187
8189
8191
8198
8199
0012
2013
2014
2015
2016
2017
2018
2019
8205
8212
8232
8250
8323
8338
8343
8434
8448
8454
8502
8520
8545
8565
8656
8668
8676
8678
8766
8768
8780
8781
8782
8783
8784
8785
8786
8876
8980
8981
8982
8983
8984
8985
8986
9009
9010
9101
9119
9121
9212
9229
9232
9323
9343
9434
9449
9454
9545
9559
9565
9656
9676
9767
9890
9891
9892
9893
9894
9895
9896
0124
0125
0126
0127
0128
0129
0234
0321
0345
0432
0456
0543
0567
0654
0678
0765
0789
0876
1230
1235
1236
1237
1238
1239
1345
1432
1456
1543
1567
1654
1678
1765
1789
1876
1950
1952
1953
1954
1956
1957
1958
1960
1962
1963
1964
1965
1967
1968
1970
1972
1973
1974
1975
1976
1978
2103
2104
2105
2106
2107
2108
2109
2340
2341
2346
2347
2348
2349
2456
2543
2567
2654
2678
2765
2789
2876
2987
3012
3214
3215
3216
3217
3218
3219
3450
3451
3452
3457
3458
3459
3567
3654
3678
3765
3789
3876
3987
4012
4123
4210
4320
4325
4326
4327
4328
4329
4560
4561
4562
4563
4568
4569
4678
4765
4789
4876
4987
5012
5123
5210
5234
5321
5430
5431
5436
5437
5438
5439
5670
5671
5672
5673
5674
5679
5789
5876
5987
6012
6123
6210
6234
6321
6345
6432
6540
6541
6542
6547
6548
6549
6780
6781
6782
6783
6784
6785
6987
7012
7123
7210
7234
7321
7345
7432
7456
7543
7650
7651
7652
7653
7658
7659
7891
7892
7893
7894
7895
7896
8012
8123
0013
0015
0016
0018
0019
0021
0023
0024
0026
0027
0029
0031
0032
0034
0035
0036
0037
0038
0039
0042
0043
0045
0046
0048
0049
0051
0053
0054
0056
0057
0059
0061
0062
0063
0064
0065
0067
0068
0069
0072
0073
0075
0076
0078
0079
0081
0083
0084
0086
0087
0089
0091
0092
0093
0094
0095
0096
0097
0098
8211
8218
8221
8223
8224
8226
8227
8229
8233
8238
8242
8244
8248
8262
8266
8268
8272
8277
8278
8281
8283
8284
8286
8287
8289
8292
8298
8299
8300
8303
8308
8311
8313
8318
8322
8328
8330
8331
8332
8334
8335
8336
8337
8339
8344
8348
8353
8355
8358
8363
8366
8368
8373
8377
8378
8380
8381
8382
8384
8385
8386
8387
8389
8393
8398
8399
8400
8404
8408
8411
8414
8418
8422
8424
8428
8433
8438
8440
8441
8442
8443
8445
8446
8447
8449
8455
8458
8464
8466
8468
8474
8477
8478
8480
8481
8482
8483
8485
8486
8487
8489
8494
8498
8499
8511
8515
8518
8533
8535
8538
8544
8548
8551
8553
8554
8556
8557
8559
8566
8568
8575
8577
8578
8581
8583
8584
8586
8587
8589
8595
8598
8599
8600
8606
8608
8611
8616
8618
8622
8626
8628
8633
8636
8638
8644
8646
8648
8655
8658
8660
8661
8662
8663
8664
8665
8667
8669
8677
8680
8681
8682
8683
8684
8685
8687
8689
8696
8698
8699
8700
8707
8708
8711
8717
8718
8722
8727
8728
8733
8737
8738
8744
8747
8748
8755
8757
8758
8770
8771
8772
8773
8774
8775
8776
8801
8803
8804
8806
8807
8809
8810
8812
8813
8814
8815
8816
8817
8819
8821
8823
8824
8826
8827
8829
8830
8831
8832
8834
8835
8836
8837
8839
8840
8841
8842
8843
8845
8846
8847
8849
8851
8853
8854
8856
8857
8859
8860
8861
8862
8863
8864
8865
8867
8869
8870
8871
8872
8873
8874
8875
8890
8891
8892
8893
8894
8895
8896
8900
8908
8909
8911
8918
8919
8922
8928
8929
8933
8938
8939
8944
8948
8949
8955
8958
8959
8966
8968
8969
8990
8991
8992
8993
8994
8995
8996
9001
9002
9003
9004
9005
9006
9007
9008
9011
9019
9020
9022
9029
9030
9033
9039
9040
9044
9049
9050
9055
9059
9060
9066
9069
9070
9077
9079
9080
9088
9089
9091
9092
9093
9094
9095
9096
9097
9098
9100
9109
9110
9112
9113
9114
9115
9116
9117
9118
9122
9129
9131
9133
9139
9141
9144
9149
9151
9155
9159
9161
9166
9169
9171
9177
9179
9181
9188
9189
9190
9192
9193
9194
9195
9196
9197
9198
9200
9202
9209
9211
9219
9220
9221
9223
9224
9225
9226
9227
9228
9233
9239
9242
9244
9249
9252
9255
9259
9262
9266
9269
9272
9277
9279
9282
9288
9289
9290
9291
9293
9294
9295
9296
9297
9298
9300
9303
9309
9311
9313
9319
9322
9329
9330
9331
9332
9334
9335
9337
9338
9344
9349
9353
9355
9359
9373
9377
9379
9383
9388
9389
9390
9391
9392
9394
9395
9397
9398
9400
9404
9409
9411
9414
9419
9422
9424
9429
9433
9439
9440
9441
9442
9443
9445
9446
9447
9448
9455
9459
9464
9466
9469
9474
9477
9479
9484
9488
9489
9490
9491
9492
9493
9495
9496
9497
9498
9500
9505
9509
9511
9515
9519
9522
9525
9529
9533
9535
9539
9544
9549
9550
9551
9552
9553
9554
9556
9557
9558
9566
9569
9575
9577
9579
9585
9588
9589
9590
9591
9592
9593
9594
9596
9597
9598
9600
9606
9609
9611
9616
9619
9622
9626
9629
9644
9646
9649
9655
9659
9660
9661
9662
9664
9665
9667
9668
9677
9679
9686
9688
9689
9690
9691
9692
9694
9695
9697
9698
9700
9707
9709
9711
9717
9719
9722
9727
9729
9733
9737
9739
9744
9747
9749
9755
9757
9759
9766
9769
9770
9771
9772
9773
9774
9775
9776
9790
9791
9792
9793
9794
9795
9796
9800
9808
9809
9811
9818
9819
9822
9828
9829
9833
9838
9839
9844
9848
9849
9855
9858
9859
9866
9868
9869
9880
9881
9882
9883
9884
9885
9886
9901
9902
9903
9904
9905
9906
9907
9908
9910
9912
9913
9914
9915
9916
9917
9918
9920
9921
9923
9924
9925
9926
9927
9928
9930
9931
9932
9934
9935
9937
9938
9940
9941
9942
9943
9945
9946
9947
9948
9950
9951
9952
9953
9954
9956
9957
9958
9960
9961
9962
9964
9965
9967
9968
9970
9971
9972
9973
9974
9975
9976
9980
9981
9982
9983
9984
9985
9986
0132
0134
0135
0136
0137
0138
0139
0142
0143
0145
0146
0148
0149
0152
0153
0154
0156
0157
0158
0159
0162
0163
0164
0165
0167
0168
0169
0172
0173
0175
0176
0178
0179
0182
0183
0184
0185
0186
0187
0189
0192
0193
0194
0195
0196
0197
0198
0213
0214
0215
0216
0217
0218
0219
0231
0235
0236
0237
0238
0239
0241
0243
0245
0246
0247
0248
0249
0251
0253
0254
0256
0257
0259
0261
0263
0264
0265
0267
0268
0269
0271
0273
0274
0275
0276
0278
0279
0281
0283
0284
0286
0287
0289
0291
0293
0294
0295
0296
0297
0298
0312
0314
0315
0316
0317
0318
0319
0324
0325
0326
0327
0328
0329
0341
0342
0346
0347
0348
0349
0351
0352
0354
0356
0357
0358
0359
0361
0362
0364
0365
0367
0368
0369
0371
0372
0374
0375
0376
0378
0379
0381
0382
0384
0385
0386
0387
0389
0391
0392
0394
0395
0396
0397
0398
0412
0413
0415
0416
0418
0419
0421
0423
0425
0426
0427
0428
0429
0431
0435
0436
0437
0438
0439
0451
0452
0453
0457
0458
0459
0461
0462
0463
0465
0467
0468
0469
0472
0473
0475
0476
0478
0479
0481
0482
0483
0485
0486
0487
0489
0491
0492
0493
0495
0496
0497
0498
0512
0513
0514
0516
0517
0518
0519
0521
0523
0524
0526
0527
0529
0531
0532
0534
0536
0537
0538
0539
0541
0542
0546
0547
0548
0549
0561
0562
0563
0564
0568
0569
0571
0572
0573
0574
0576
0578
0579
0581
0583
0584
0586
0587
0589
0591
0592
0593
0594
0596
0597
0598
0612
0613
0614
0615
0617
0618
0619
0621
0623
0624
0625
0627
0628
0629
0631
0632
0634
0635
0637
0638
0639
0641
0642
0643
0645
0647
0648
0649
0651
0652
0653
0657
0658
0659
0671
0672
0673
0674
0675
0679
0681
0682
0683
0684
0685
0687
0689
0691
0692
0693
0694
0695
0697
0698
0712
0713
0715
0716
0718
0719
0721
0723
0724
0725
0726
0728
0729
0731
0732
0734
0735
0736
0738
0739
0742
0743
0745
0746
0748
0749
0751
0752
0753
0754
0756
0758
0759
0761
0762
0763
0764
0768
0769
0781
0782
0783
0784
0785
0786
0791
0792
0793
0794
0795
0796
0798
0812
0813
0814
0815
0816
0817
0819
0821
0823
0824
0826
0827
0829
0831
0832
0834
0835
0836
0837
0839
0841
0842
0843
0845
0846
0847
0849
0851
0853
0854
0856
0857
0859
0861
0862
0863
0864
0865
0867
0869
0871
0872
0873
0874
0875
0879
0891
0892
0893
0894
0895
0896
0897
0912
0913
0914
0915
0916
0917
0918
0921
0923
0924
0925
0926
0927
0928
0931
0932
0934
0935
0936
0937
0938
0941
0942
0943
0945
0946
0947
0948
0951
0952
0953
0954
0956
0957
0958
0961
0962
0963
0964
0965
0967
0968
0971
0972
0973
0974
0975
0976
0978
0981
0982
0983
0984
0985
0986
1023
1024
1025
1026
1027
1028
1029
1032
1034
1035
1036
1037
1038
1039
1042
1043
1045
1046
1048
1049
1052
1053
1054
1056
1057
1058
1059
1062
1063
1064
1065
1067
1068
1069
1072
1073
1075
1076
1078
1079
1082
1083
1084
1085
1086
1087
1089
1092
1093
1094
1095
1096
1097
1098
1203
1204
1205
1206
1207
1208
1209
1240
1243
1245
1246
1247
1248
1249
1250
1253
1254
1256
1257
1258
1259
1260
1263
1264
1265
1267
1268
1269
1270
1273
1274
1275
1276
1278
1279
1280
1283
1284
1285
1286
1287
1289
1290
1293
1294
1295
1296
1297
1298
1302
1304
1305
1306
1307
1308
1309
1320
1324
1325
1326
1327
1328
1329
1340
1342
1346
1347
1348
1349
1350
1352
1354
1356
1357
1358
1359
1360
1362
1364
1365
1367
1368
1369
1370
1372
1374
1375
1376
1378
1379
1380
1382
1384
1385
1386
1387
1389
1390
1392
1394
1395
1396
1397
1398
1402
1403
1405
1406
1408
1409
1420
1423
1425
1426
1427
1428
1429
1430
1435
1436
1437
1438
1439
1450
1452
1453
1457
1458
1459
1460
1462
1463
1465
1467
1468
1469
1472
1473
1475
1476
1478
1479
1480
1482
1483
1485
1486
1487
1489
1490
1492
1493
1495
1496
1497
1498
1502
1503
1504
1506
1507
1508
1509
1520
1523
1524
1526
1527
1528
1529
1530
1532
1534
1536
1537
1538
1539
1540
1542
1546
1547
1548
1549
1560
1562
1563
1564
1568
1569
1570
1572
1573
1574
1576
1578
1579
1580
1582
1583
1584
1586
1587
1589
1590
1592
1593
1594
1596
1597
1598
1602
1603
1604
1605
1607
1608
1609
1620
1623
1624
1625
1627
1628
1629
1630
1632
1634
1635
1637
1638
1639
1640
1642
1643
1645
1647
1648
1649
1650
1652
1653
1657
1658
1659
1670
1672
1673
1674
1675
1679
1680
1682
1683
1684
1685
1687
1689
1690
1692
1693
1694
1695
1697
1698
1702
1703
1705
1706
1708
1709
1720
1723
1724
1725
1726
1728
1729
1730
1732
1734
1735
1736
1738
1739
1742
1743
1745
1746
1748
1749
1750
1752
1753
1754
1756
1758
1759
1760
1762
1763
1764
1768
1769
1780
1782
1783
1784
1785
1786
1790
1792
1793
1794
1795
1796
1798
1802
1803
1804
1805
1806
1807
1809
1820
1823
1824
1825
1826
1827
1829
1830
1832
1834
1835
1836
1837
1839
1840
1842
1843
1845
1846
1847
1849
1850
1852
1853
1854
1856
1857
1859
1860
1862
1863
1864
1865
1867
1869
1870
1872
1873
1874
1875
1879
1890
1892
1893
1894
1895
1896
1897
1902
1903
1904
1905
1906
1907
1908
1920
1923
1924
1925
1926
1927
1928
1930
1932
1934
1935
1936
1937
1938
1940
1942
1943
1945
1946
1947
1948
2031
2034
2035
2036
2037
2038
2039
2041
2043
2045
2046
2047
2048
2049
2051
2053
2054
2056
2057
2059
2061
2063
2064
2065
2067
2068
2069
2071
2073
2074
2075
2076
2078
2079
2081
2083
2084
2086
2087
2089
2091
2093
2094
2095
2096
2097
2098
2130
2134
2135
2136
2137
2138
2139
2140
2143
2145
2146
2147
2148
2149
2150
2153
2154
2156
2157
2158
2159
2160
2163
2164
2165
2167
2168
2169
2170
2173
2174
2175
2176
2178
2179
2180
2183
2184
2185
2186
2187
2189
2190
2193
2194
2195
2196
2197
2198
2301
2304
2305
2306
2307
2308
2309
2310
2314
2315
2316
2317
2318
2319
2350
2351
2354
2356
2357
2358
2359
2360
2361
2364
2365
2367
2368
2369
2370
2371
2374
2375
2376
2378
2379
2380
2381
2384
2385
2386
2387
2389
2390
2391
2394
2395
2396
2397
2398
2401
2403
2405
2406
2407
2408
2409
2410
2413
2415
2416
2417
2418
2419
2430
2431
2435
2436
2437
2438
2439
2450
2451
2453
2457
2458
2459
2460
2461
2463
2465
2467
2468
2469
2470
2471
2473
2475
2476
2478
2479
2480
2481
2483
2485
2486
2487
2489
2490
2491
2493
2495
2496
2497
2498
2501
2503
2504
2506
2507
2509
2510
2513
2514
2516
2517
2518
2519
2530
2531
2534
2536
2537
2538
2539
2540
2541
2546
2547
2548
2549
2560
2561
2563
2564
2568
2569
2570
2571
2573
2574
2576
2578
2579
2581
2583
2584
2586
2587
2589
2590
2591
2593
2594
2596
2597
2598
2601
2603
2604
2605
2607
2608
2609
2610
2613
2614
2615
2617
2618
2619
2630
2631
2634
2635
2637
2638
2639
2640
2641
2643
2645
2647
2648
2649
2650
2651
2653
2657
2658
2659
2670
2671
2673
2674
2675
2679
2680
2681
2683
2684
2685
2687
2689
2690
2691
2693
2694
2695
2697
2698
2701
2703
2704
2705
2706
2708
2709
2710
2713
2714
2715
2716
2718
2719
2730
2731
2734
2735
2736
2738
2739
2740
2741
2743
2745
2746
2748
2749
2750
2751
2753
2754
2756
2758
2759
2760
2761
2763
2764
2768
2769
2780
2781
2783
2784
2785
2786
2790
2791
2793
2794
2795
2796
2798
2801
2803
2804
2806
2807
2809
2810
2813
2814
2815
2816
2817
2819
2830
2831
2834
2835
2836
2837
2839
2840
2841
2843
2845
2846
2847
2849
2851
2853
2854
2856
2857
2859
2860
2861
2863
2864
2865
2867
2869
2870
2871
2873
2874
2875
2879
2890
2891
2893
2894
2895
2896
2897
2901
2903
2904
2905
2906
2907
2908
2910
2913
2914
2915
2916
2917
2918
2930
2931
2934
2935
2936
2937
2938
2940
2941
2943
2945
2946
2947
2948
2950
2951
2953
2954
2956
2957
2958
2960
2961
2963
2964
2965
2967
2968
2970
2971
2973
2974
2975
2976
2978
2980
2981
2983
2984
2985
2986
3014
3015
3016
3017
3018
3019
3021
3024
3025
3026
3027
3028
3029
3041
3042
3045
3046
3047
3048
3049
3051
3052
3054
3056
3057
3058
3059
3061
3062
3064
3065
3067
3068
3069
3071
3072
3074
3075
3076
3078
3079
3081
3082
3084
3085
3086
3087
3089
3091
3092
3094
3095
3096
3097
3098
3102
3104
3105
3106
3107
3108
3109
3120
3124
3125
3126
3127
3128
3129
3140
3142
3145
3146
3147
3148
3149
3150
3152
3154
3156
3157
3158
3159
3160
3162
3164
3165
3167
3168
3169
3170
3172
3174
3175
3176
3178
3179
3180
3182
3184
3185
3186
3187
3189
3190
3192
3194
3195
3196
3197
3198
3201
3204
3205
3206
3207
3208
3209
3240
3241
3245
3246
3247
3248
3249
3250
3251
3254
3256
3257
3258
3259
3260
3261
3264
3265
3267
3268
3269
3270
3271
3274
3275
3276
3278
3279
3280
3281
3284
3285
3286
3287
3289
3290
3291
3294
3295
3296
3297
3298
3401
3402
3405
3406
3407
3408
3409
3410
3412
3415
3416
3417
3418
3419
3420
3421
3425
3426
3427
3428
3429
3460
3461
3462
3465
3467
3468
3469
3470
3471
3472
3475
3476
3478
3479
3480
3481
3482
3485
3486
3487
3489
3490
3491
3492
3495
3496
3497
3498
3501
3502
3504
3506
3507
3508
3509
3510
3512
3514
3516
3517
3518
3519
3520
3521
3524
3526
3527
3528
3529
3540
3541
3542
3546
3547
3548
3549
3560
3561
3562
3564
3568
3569
3570
3571
3572
3574
3576
3578
3579
3580
3581
3582
3584
3586
3587
3589
3590
3591
3592
3594
3596
3597
3598
3601
3602
3604
3605
3607
3608
3609
3610
3612
3614
3615
3617
3618
3619
3620
3621
3624
3625
3627
3628
3629
3640
3641
3642
3645
3647
3648
3649
3650
3651
3652
3657
3658
3659
3670
3671
3672
3674
3675
3679
3680
3681
3682
3684
3685
3687
3689
3690
3691
3692
3694
3695
3697
3698
3701
3702
3704
3705
3706
3708
3709
3710
3712
3714
3715
3716
3718
3719
3720
3721
3724
3725
3726
3728
3729
3740
3741
3742
3745
3746
3748
3749
3750
3751
3752
3754
3756
3758
3759
3760
3761
3762
3764
3768
3769
3780
3781
3782
3784
3785
3786
3790
3791
3792
3794
3795
3796
3798
3801
3802
3804
3805
3806
3807
3809
3810
3812
3814
3815
3816
3817
3819
3820
3821
3824
3825
3826
3827
3829
3840
3841
3842
3845
3846
3847
3849
3850
3851
3852
3854
3856
3857
3859
3860
3861
3862
3864
3865
3867
3869
3870
3871
3872
3874
3875
3879
3890
3891
3892
3894
3895
3896
3897
3901
3902
3904
3905
3906
3907
3908
3910
3912
3914
3915
3916
3917
3918
3920
3921
3924
3925
3926
3927
3928
3940
3941
3942
3945
3946
3947
3948
3950
3951
3952
3954
3956
3957
3958
3960
3961
3962
3964
3965
3967
3968
3970
3971
3972
3974
3975
3976
3978
3980
3981
3982
3984
3985
3986
4013
4015
4016
4018
4019
4021
4023
4025
4026
4027
4028
4029
4031
4032
4035
4036
4037
4038
4039
4051
4052
4053
4056
4057
4058
4059
4061
4062
4063
4065
4067
4068
4069
4072
4073
4075
4076
4078
4079
4081
4082
4083
4085
4086
4087
4089
4091
4092
4093
4095
4096
4097
4098
4102
4103
4105
4106
4108
4109
4120
4125
4126
4127
4128
4129
4130
4132
4135
4136
4137
4138
4139
4150
4152
4153
4156
4157
4158
4159
4160
4162
4163
4165
4167
4168
4169
4172
4173
4175
4176
4178
4179
4180
4182
4183
4185
4186
4187
4189
4190
4192
4193
4195
4196
4197
4198
4201
4203
4205
4206
4207
4208
4209
4213
4215
4216
4217
4218
4219
4230
4231
4235
4236
4237
4238
4239
4250
4251
4253
4256
4257
4258
4259
4260
4261
4263
4265
4267
4268
4269
4270
4271
4273
4275
4276
4278
4279
4280
4281
4283
4285
4286
4287
4289
4290
4291
4293
4295
4296
4297
4298
4301
4302
4305
4306
4307
4308
4309
4310
4312
4315
4316
4317
4318
4319
4350
4351
4352
4356
4357
4358
4359
4360
4361
4362
4365
4367
4368
4369
4370
4371
4372
4375
4376
4378
4379
4380
4381
4382
4385
4386
4387
4389
4390
4391
4392
4395
4396
4397
4398
4501
4502
4503
4506
4507
4508
4509
4510
4512
4513
4516
4517
4518
4519
4520
4521
4523
4526
4527
4528
4529
4530
4531
4532
4536
4537
4538
4539
4570
4571
4572
4573
4576
4578
4579
4580
4581
4582
4583
4586
4587
4589
4590
4591
4592
4593
4596
4597
4598
4601
4602
4603
4605
4607
4608
4609
4610
4612
4613
4615
4617
4618
4619
4620
4621
4623
4625
4627
4628
4629
4630
4631
4632
4635
4637
4638
4639
4650
4651
4652
4653
4657
4658
4659
4670
4671
4672
4673
4675
4679
4680
4681
4682
4683
4685
4687
4689
4690
4691
4692
4693
4695
4697
4698
4702
4703
4705
4706
4708
4709
4712
4713
4715
4716
4718
4719
4720
4721
4723
4725
4726
4728
4729
4730
4731
4732
4735
4736
4738
4739
4750
4751
4752
4753
4756
4758
4759
4760
4761
4762
4763
4768
4769
4780
4781
4782
4783
4785
4786
4790
4791
4792
4793
4795
4796
4798
4801
4802
4803
4805
4806
4807
4809
4810
4812
4813
4815
4816
4817
4819
4820
4821
4823
4825
4826
4827
4829
4830
4831
4832
4835
4836
4837
4839
4850
4851
4852
4853
4856
4857
4859
4860
4861
4862
4863
4865
4867
4869
4870
4871
4872
4873
4875
4879
4890
4891
4892
4893
4895
4896
4897
4901
4902
4903
4905
4906
4907
4908
4910
4912
4913
4915
4916
4917
4918
4920
4921
4923
4925
4926
4927
4928
4930
4931
4932
4935
4936
4937
4938
4950
4951
4952
4953
4956
4957
4958
4960
4961
4962
4963
4965
4967
4968
4970
4971
4972
4973
4975
4976
4978
4980
4981
4982
4983
4985
4986
5013
5014
5016
5017
5018
5019
5021
5023
5024
5026
5027
5029
5031
5032
5034
5036
5037
5038
5039
5041
5042
5043
5046
5047
5048
5049
5061
5062
5063
5064
5067
5068
5069
5071
5072
5073
5074
5076
5078
5079
5081
5083
5084
5086
5087
5089
5091
5092
5093
5094
5096
5097
5098
5102
5103
5104
5106
5107
5108
5109
5120
5124
5126
5127
5128
5129
5130
5132
5134
5136
5137
5138
5139
5140
5142
5143
5146
5147
5148
5149
5160
5162
5163
5164
5167
5168
5169
5170
5172
5173
5174
5176
5178
5179
5180
5182
5183
5184
5186
5187
5189
5190
5192
5193
5194
5196
5197
5198
5201
5203
5204
5206
5207
5209
5213
5214
5216
5217
5218
5219
5230
5231
5236
5237
5238
5239
5240
5241
5243
5246
5247
5248
5249
5260
5261
5263
5264
5267
5268
5269
5270
5271
5273
5274
5276
5278
5279
5281
5283
5284
5286
5287
5289
5290
5291
5293
5294
5296
5297
5298
5301
5302
5304
5306
5307
5308
5309
5310
5312
5314
5316
5317
5318
5319
5320
5324
5326
5327
5328
5329
5340
5341
5342
5346
5347
5348
5349
5360
5361
5362
5364
5367
5368
5369
5370
5371
5372
5374
5376
5378
5379
5380
5381
5382
5384
5386
5387
5389
5390
5391
5392
5394
5396
5397
5398
5401
5402
5403
5406
5407
5408
5409
5410
5412
5413
5416
5417
5418
5419
5420
5421
5423
5426
5427
5428
5429
5460
5461
5462
5463
5467
5468
5469
5470
5471
5472
5473
5476
5478
5479
5480
5481
5482
5483
5486
5487
5489
5490
5491
5492
5493
5496
5497
5498
5601
5602
5603
5604
5607
5608
5609
5610
5612
5613
5614
5617
5618
5619
5620
5621
5623
5624
5627
5628
5629
5630
5631
5632
5634
5637
5638
5639
5640
5641
5642
5643
5647
5648
5649
5680
5681
5682
5683
5684
5687
5689
5690
5691
5692
5693
5694
5697
5698
5701
5702
5703
5704
5706
5708
5709
5710
5712
5713
5714
5716
5718
5719
5720
5721
5723
5724
5726
5728
5729
5730
5731
5732
5734
5736
5738
5739
5740
5741
5742
5743
5746
5748
5749
5760
5761
5762
5763
5764
5768
5769
5780
5781
5782
5783
5784
5786
5790
5791
5792
5793
5794
5796
5798
5801
5803
5804
5806
5807
5809
5810
5812
5813
5814
5816
5817
5819
5821
5823
5824
5826
5827
5829
5830
5831
5832
5834
5836
5837
5839
5840
5841
5842
5843
5846
5847
5849
5860
5861
5862
5863
5864
5867
5869
5870
5871
5872
5873
5874
5879
5890
5891
5892
5893
5894
5896
5897
5901
5902
5903
5904
5906
5907
5908
5910
5912
5913
5914
5916
5917
5918
5920
5921
5923
5924
5926
5927
5928
5930
5931
5932
5934
5936
5937
5938
5940
5941
5942
5943
5946
5947
5948
5960
5961
5962
5963
5964
5967
5968
5970
5971
5972
5973
5974
5976
5978
5980
5981
5982
5983
5984
5986
6013
6014
6015
6017
6018
6019
6021
6023
6024
6025
6027
6028
6029
6031
6032
6034
6035
6037
6038
6039
6041
6042
6043
6045
6047
6048
6049
6051
6052
6053
6054
6057
6058
6059
6071
6072
6073
6074
6075
6078
6079
6081
6082
6083
6084
6085
6087
6089
6091
6092
6093
6094
6095
6097
6098
6102
6103
6104
6105
6107
6108
6109
6120
6124
6125
6127
6128
6129
6130
6132
6134
6135
6137
6138
6139
6140
6142
6143
6145
6147
6148
6149
6150
6152
6153
6154
6157
6158
6159
6170
6172
6173
6174
6175
6178
6179
6180
6182
6183
6184
6185
6187
6189
6190
6192
6193
6194
6195
6197
6198
6201
6203
6204
6205
6207
6208
6209
6213
6214
6215
6217
6218
6219
6230
6231
6235
6237
6238
6239
6240
6241
6243
6245
6247
6248
6249
6250
6251
6253
6254
6257
6258
6259
6270
6271
6273
6274
6275
6278
6279
6280
6281
6283
6284
6285
6287
6289
6290
6291
6293
6294
6295
6297
6298
6301
6302
6304
6305
6307
6308
6309
6310
6312
6314
6315
6317
6318
6319
6320
6324
6325
6327
6328
6329
6340
6341
6342
6347
6348
6349
6350
6351
6352
6354
6357
6358
6359
6370
6371
6372
6374
6375
6378
6379
6380
6381
6382
6384
6385
6387
6389
6390
6391
6392
6394
6395
6397
6398
6401
6402
6403
6405
6407
6408
6409
6410
6412
6413
6415
6417
6418
6419
6420
6421
6423
6425
6427
6428
6429
6430
6431
6435
6437
6438
6439
6450
6451
6452
6453
6457
6458
6459
6470
6471
6472
6473
6475
6478
6479
6480
6481
6482
6483
6485
6487
6489
6490
6491
6492
6493
6495
6497
6498
6501
6502
6503
6504
6507
6508
6509
6510
6512
6513
6514
6517
6518
6519
6520
6521
6523
6524
6527
6528
6529
6530
6531
6532
6534
6537
6538
6539
6570
6571
6572
6573
6574
6578
6579
6580
6581
6582
6583
6584
6587
6589
6590
6591
6592
6593
6594
6597
6598
6701
6702
6703
6704
6705
6708
6709
6710
6712
6713
6714
6715
6718
6719
6720
6721
6723
6724
6725
6728
6729
6730
6731
6732
6734
6735
6738
6739
6740
6741
6742
6743
6745
6748
6749
6750
6751
6752
6753
6754
6758
6759
6790
6791
6792
6793
6794
6795
6798
6801
6802
6803
6804
6805
6807
6809
6810
6812
6813
6814
6815
6817
6819
6820
6821
6823
6824
6825
6827
6829
6830
6831
6832
6834
6835
6837
6839
6840
6841
6842
6843
6845
6847
6849
6850
6851
6852
6853
6854
6857
6859
6870
6871
6872
6873
6874
6875
6879
6890
6891
6892
6893
6894
6895
6897
6901
6902
6903
6904
6905
6907
6908
6910
6912
6913
6914
6915
6917
6918
6920
6921
6923
6924
6925
6927
6928
6930
6931
6932
6934
6935
6937
6938
6940
6941
6942
6943
6945
6947
6948
6950
6951
6952
6953
6954
6957
6958
6970
6971
6972
6973
6974
6975
6978
6980
6981
6982
6983
6984
6985
7013
7015
7016
7018
7019
7021
7023
7024
7025
7026
7028
7029
7031
7032
7034
7035
7036
7038
7039
7042
7043
7045
7046
7048
7049
7051
7052
7053
7054
7056
7058
7059
7061
7062
7063
7064
7065
7068
7069
7081
7082
7083
7084
7085
7086
7089
7091
7092
7093
7094
7095
7096
7098
7102
7103
7105
7106
7108
7109
7120
7124
7125
7126
7128
7129
7130
7132
7134
7135
7136
7138
7139
7142
7143
7145
7146
7148
7149
7150
7152
7153
7154
7156
7158
7159
7160
7162
7163
7164
7165
7168
7169
7180
7182
7183
7184
7185
7186
7189
7190
7192
7193
7194
7195
7196
7198
7201
7203
7204
7205
7206
7208
7209
7213
7214
7215
7216
7218
7219
7230
7231
7235
7236
7238
7239
7240
7241
7243
7245
7246
7248
7249
7250
7251
7253
7254
7256
7258
7259
7260
7261
7263
7264
7265
7268
7269
7280
7281
7283
7284
7285
7286
7289
7290
7291
7293
7294
7295
7296
7298
7301
7302
7304
7305
7306
7308
7309
7310
7312
7314
7315
7316
7318
7319
7320
7324
7325
7326
7328
7329
7340
7341
7342
7346
7348
7349
7350
7351
7352
7354
7356
7358
7359
7360
7361
7362
7364
7365
7368
7369
7380
7381
7382
7384
7385
7386
7389
7390
7391
7392
7394
7395
7396
7398
7402
7403
7405
7406
7408
7409
7412
7413
7415
7416
7418
7419
7420
7421
7423
7425
7426
7428
7429
7430
7431
7435
7436
7438
7439
7450
7451
7452
7453
7458
7459
7460
7461
7462
7463
7465
7468
7469
7480
7481
7482
7483
7485
7486
7489
7490
7491
7492
7493
7495
7496
7498
7501
7502
7503
7504
7506
7508
7509
7510
7512
7513
7514
7516
7518
7519
7520
7521
7523
7524
7526
7528
7529
7530
7531
7532
7534
7536
7538
7539
7540
7541
7542
7546
7548
7549
7560
7561
7562
7563
7564
7568
7569
7580
7581
7582
7583
7584
7586
7589
7590
7591
7592
7593
7594
7596
7598
7601
7602
7603
7604
7605
7608
7609
7610
7612
7613
7614
7615
7618
7619
7620
7621
7623
7624
7625
7628
7629
7630
7631
7632
7634
7635
7638
7639
7640
7641
7642
7643
7645
7648
7649
7680
7681
7682
7683
7684
7685
7689
7690
7691
7692
7693
7694
7695
7698
7801
7802
7803
7804
7805
7806
7809
7810
7812
7813
7814
7815
7816
7819
7820
7821
7823
7824
7825
7826
7829
7830
7831
7832
7834
7835
7836
7839
7840
7841
7842
7843
7845
7846
7849
7850
7851
7852
7853
7854
7856
7859
7860
7861
7862
7863
7864
7865
7869
7901
7902
7903
7904
7905
7906
7908
7910
7912
7913
7914
7915
7916
7918
7920
7921
7923
7924
7925
7926
7928
7930
7931
7932
7934
7935
7936
7938
7940
7941
7942
7943
7945
7946
7948
7950
7951
7952
7953
7954
7956
7958
7960
7961
7962
7963
7964
7965
7968
7980
7981
7982
7983
7984
7985
7986
8013
8014
8015
8016
8017
8019
8021
8023
8024
8026
8027
8029
8031
8032
8034
8035
8036
8037
8039
8041
8042
8043
8045
8046
8047
8049
8051
8053
8054
8056
8057
8059
8061
8062
8063
8064
8065
8067
8069
8071
8072
8073
8074
8075
8076
8079
8091
8092
8093
8094
8095
8096
8097
8102
8103
8104
8105
8106
8107
8109
8120
8124
8125
8126
8127
8129
8130
8132
8134
8135
8136
8137
8139
8140
8142
8143
8145
8146
8147
8149
8150
8152
8153
8154
8156
8157
8159
8160
8162
8163
8164
8165
8167
8169
8170
8172
8173
8174
8175
8176
8179
8190
8192
8193
8194
8195
8196
8197
8210
8234
8321
8345
8432
8456
8543
8567
8654
8760
8761
8762
8763
8764
8769
9012
9123
9210
9234
9321
9345
9432
9456
9543
9567
9654
9678
9765
9870
9871
9872
9873
9874
9875
8201
8203
8204
8206
8207
8209
8213
8214
8215
8216
8217
8219
8230
8231
8235
8236
8237
8239
8240
8241
8243
8245
8246
8247
8249
8251
8253
8254
8256
8257
8259
8260
8261
8263
8264
8265
8267
8269
8270
8271
8273
8274
8275
8276
8279
8290
8291
8293
8294
8295
8296
8297
8301
8302
8304
8305
8306
8307
8309
8310
8312
8314
8315
8316
8317
8319
8320
8324
8325
8326
8327
8329
8340
8341
8342
8346
8347
8349
8350
8351
8352
8354
8356
8357
8359
8360
8361
8362
8364
8365
8367
8369
8370
8371
8372
8374
8375
8376
8379
8390
8391
8392
8394
8395
8396
8397
8401
8402
8403
8405
8406
8407
8409
8410
8412
8413
8415
8416
8417
8419
8420
8421
8423
8425
8426
8427
8429
8430
8431
8435
8436
8437
8439
8450
8451
8452
8453
8457
8459
8460
8461
8462
8463
8465
8467
8469
8470
8471
8472
8473
8475
8476
8479
8490
8491
8492
8493
8495
8496
8497
8501
8503
8504
8506
8507
8509
8510
8512
8513
8514
8516
8517
8519
8521
8523
8524
8526
8527
8529
8530
8531
8532
8534
8536
8537
8539
8540
8541
8542
8546
8547
8549
8560
8561
8562
8563
8564
8569
8570
8571
8572
8573
8574
8576
8579
8590
8591
8592
8593
8594
8596
8597
8601
8602
8603
8604
8605
8607
8609
8610
8612
8613
8614
8615
8617
8619
8620
8621
8623
8624
8625
8627
8629
8630
8631
8632
8634
8635
8637
8639
8640
8641
8642
8643
8645
8647
8649
8650
8651
8652
8653
8657
8659
8670
8671
8672
8673
8674
8675
8679
8690
8691
8692
8693
8694
8695
8697
8701
8702
8703
8704
8705
8706
8709
8710
8712
8713
8714
8715
8716
8719
8720
8721
8723
8724
8725
8726
8729
8730
8731
8732
8734
8735
8736
8739
8740
8741
8742
8743
8745
8746
8749
8750
8751
8752
8753
8754
8756
8759
8790
8791
8792
8793
8794
8795
8796
8901
8902
8903
8904
8905
8906
8907
8910
8912
8913
8914
8915
8916
8917
8920
8921
8923
8924
8925
8926
8927
8930
8931
8932
8934
8935
8936
8937
8940
8941
8942
8943
8945
8946
8947
8950
8951
8952
8953
8954
8956
8957
8960
8961
8962
8963
8964
8965
8967
8970
8971
8972
8973
8974
8975
8976
9013
9014
9015
9016
9017
9018
9021
9023
9024
9025
9026
9027
9028
9031
9032
9034
9035
9036
9037
9038
9041
9042
9043
9045
9046
9047
9048
9051
9052
9053
9054
9056
9057
9058
9061
9062
9063
9064
9065
9067
9068
9071
9072
9073
9074
9075
9076
9078
9081
9082
9083
9084
9085
9086
9087
9102
9103
9104
9105
9106
9107
9108
9120
9124
9125
9126
9127
9128
9130
9132
9134
9135
9136
9137
9138
9140
9142
9143
9145
9146
9147
9148
9150
9152
9153
9154
9156
9157
9158
9160
9162
9163
9164
9165
9167
9168
9170
9172
9173
9174
9175
9176
9178
9180
9182
9183
9184
9185
9186
9187
9201
9203
9204
9205
9206
9207
9208
9213
9214
9215
9216
9217
9218
9230
9231
9235
9236
9237
9238
9240
9241
9243
9245
9246
9247
9248
9250
9251
9253
9254
9256
9257
9258
9260
9261
9263
9264
9265
9267
9268
9270
9271
9273
9274
9275
9276
9278
9280
9281
9283
9284
9285
9286
9287
9301
9302
9304
9305
9306
9307
9308
9310
9312
9314
9315
9316
9317
9318
9320
9324
9325
9326
9327
9328
9340
9341
9342
9346
9347
9348
9350
9351
9352
9354
9356
9357
9358
9360
9361
9362
9364
9365
9367
9368
9370
9371
9372
9374
9375
9376
9378
9380
9381
9382
9384
9385
9386
9387
9401
9402
9403
9405
9406
9407
9408
9410
9412
9413
9415
9416
9417
9418
9420
9421
9423
9425
9426
9427
9428
9430
9431
9435
9436
9437
9438
9450
9451
9452
9453
9457
9458
9460
9461
9462
9463
9465
9467
9468
9470
9471
9472
9473
9475
9476
9478
9480
9481
9482
9483
9485
9486
9487
9501
9502
9503
9504
9506
9507
9508
9510
9512
9513
9514
9516
9517
9518
9520
9521
9523
9524
9526
9527
9528
9530
9531
9532
9534
9536
9537
9538
9540
9541
9542
9546
9547
9548
9560
9561
9562
9563
9564
9568
9570
9571
9572
9573
9574
9576
9578
9580
9581
9582
9583
9584
9586
9587
9601
9602
9603
9604
9605
9607
9608
9610
9612
9613
9614
9615
9617
9618
9620
9621
9623
9624
9625
9627
9628
9630
9631
9632
9634
9635
9637
9638
9640
9641
9642
9643
9645
9647
9648
9650
9651
9652
9653
9657
9658
9670
9671
9672
9673
9674
9675
9680
9681
9682
9683
9684
9685
9687
9701
9702
9703
9704
9705
9706
9708
9710
9712
9713
9714
9715
9716
9718
9720
9721
9723
9724
9725
9726
9728
9730
9731
9732
9734
9735
9736
9738
9740
9741
9742
9743
9745
9746
9748
9750
9751
9752
9753
9754
9756
9758
9760
9761
9762
9763
9764
9768
9780
9781
9782
9783
9784
9785
9786
9801
9802
9803
9804
9805
9806
9807
9810
9812
9813
9814
9815
9816
9817
9820
9821
9823
9824
9825
9826
9827
9830
9831
9832
9834
9835
9836
9837
9840
9841
9842
9843
9845
9846
9847
9850
9851
9852
9853
9854
9856
9857
9860
9861
9862
9863
9864
9865
9867
